corner_dist: 2.500000000000e-02
S_00: 1.280000000000e+03 7.200000000000e+02
K_00: 7.353913810364e+02 0.000000000000e+00 6.692286987385e+02 0.000000000000e+00 7.161078587206e+02 3.774531727097e+02 0.000000000000e+00 0.000000000000e+00 1.000000000000e+00
D_00: -1.966589467446e-01 3.488312753209e-02 -1.109990416874e-03 2.434258171672e-03 0.000000000000e+00
R_00: 1.000000000000e+00 0.000000000000e+00 0.000000000000e+00 0.000000000000e+00 1.000000000000e+00 0.000000000000e+00 0.000000000000e+00 0.000000000000e+00 1.000000000000e+00
T_00: -2.341876692569e-17 5.204170427930e-18 5.551115123126e-17
S_rect_00: 9.140000000000e+02 4.480000000000e+02
R_rect_00: 9.826816289450e-01 2.444704761493e-02 1.836822201437e-01 -2.339291679524e-02 9.996951034959e-01 -7.903890819248e-03 -1.838194428722e-01 3.470145412675e-03 9.829539005025e-01
P_rect_00: 4.328220393532e+02 0.000000000000e+00 3.413039855957e+02 0.000000000000e+00 0.000000000000e+00 4.328220393532e+02 2.350234909058e+02 0.000000000000e+00 0.000000000000e+00 0.000000000000e+00 1.000000000000e+00 0.000000000000e+00
S_01: 1.280000000000e+03 7.200000000000e+02
K_01: 7.167200148141e+02 9.740939725568e-03 7.027806452102e+02 0.000000000000e+00 6.965268947538e+02 3.926605129413e+02 0.000000000000e+00 0.000000000000e+00 1.000000000000e+00
D_01: -1.928912817715e-01 3.385670991895e-02 -1.063267710287e-03 3.951352434793e-03 1.842606618655e-04
R_01: 9.999753275049e-01 -3.671942623219e-03 5.988423733395e-03 3.737937381729e-03 9.999319969624e-01 -1.104668615069e-02 -5.947453704669e-03 1.106879795432e-02 9.999210516367e-01
T_01: -1.128121602680e-01 -2.992081650442e-03 -2.042473896696e-02
S_rect_01: 9.140000000000e+02 4.480000000000e+02
R_rect_01: 9.836675825477e-01 2.608950769921e-02 1.780938646691e-01 -2.711049454173e-02 9.996269917353e-01 3.301284586158e-03 -1.779413052961e-01 -8.075579374197e-03 9.840079658658e-01
P_rect_01: 4.328220393532e+02 0.000000000000e+00 3.413039855957e+02 -4.963830275321e+01 0.000000000000e+00 4.328220393532e+02 2.350234909058e+02 0.000000000000e+00 0.000000000000e+00 0.000000000000e+00 1.000000000000e+00 0.000000000000e+00
