# oST version 5.0 parameters


[image]

width
752

height
480

[narrow_stereo/left]

camera matrix
466.042689 0.000000 354.956514
0.000000 464.542599 247.975048
0.000000 0.000000 1.000000

distortion
-0.400354 0.138559 0.000844 0.000863 0.000000

rectification
0.974803 0.006852 0.222964
-0.007610 0.999968 0.002543
-0.222940 -0.004175 0.974823

projection
426.756756 0.000000 216.513714 0.000000
0.000000 426.756756 251.317783 0.000000
0.000000 0.000000 1.000000 0.000000

# oST version 5.0 parameters


[image]

width
752

height
480

[narrow_stereo/right]

camera matrix
470.813876 0.000000 389.102784
0.000000 469.293125 252.225844
0.000000 0.000000 1.000000

distortion
-0.397392 0.126526 0.002337 0.001172 0.000000

rectification
0.977526 0.004547 0.210767
-0.003831 0.999985 -0.003808
-0.210781 0.002915 0.977529

projection
426.756756 0.000000 216.513714 43.810526
0.000000 426.756756 251.317783 0.000000
0.000000 0.000000 1.000000 0.000000

