# oST version 5.0 parameters


[image]

width
672

height
376

[narrow_stereo/left]

camera matrix
352.899883 0.000000 332.416702
0.000000 351.173761 178.681414
0.000000 0.000000 1.000000

distortion
-0.174199 0.025857 0.002418 0.000335 0.000000

rectification
0.997249 -0.019453 -0.071532
0.019588 0.999807 0.001188
0.071495 -0.002586 0.997438

projection
359.204532 0.000000 392.320461 0.000000
0.000000 359.204532 189.638514 0.000000
0.000000 0.000000 1.000000 0.000000

# oST version 5.0 parameters


[image]

width
672

height
376

[narrow_stereo/right]

camera matrix
355.841395 0.000000 339.128206
0.000000 353.681649 191.331179
0.000000 0.000000 1.000000

distortion
-0.173324 0.022154 0.002872 0.000453 0.000000

rectification
0.996949 -0.019771 -0.075514
0.019628 0.999804 -0.002632
0.075551 0.001141 0.997141

projection
359.204532 0.000000 392.320461 -43.896739
0.000000 359.204532 189.638514 0.000000
0.000000 0.000000 1.000000 0.000000

