# oST version 5.0 parameters


[image]

width
900

height
600

[narrow_stereo/left]

camera matrix
652.391460 0.000000 457.341596
0.000000 652.071465 325.524184
0.000000 0.000000 1.000000

distortion
-0.213114 0.069305 0.000911 0.000970 0.000000

rectification
0.997430 0.004947 -0.071473
-0.004523 0.999971 0.006096
0.071501 -0.005757 0.997424

projection
642.715797 0.000000 486.408535 0.000000
0.000000 642.715797 316.962208 0.000000
0.000000 0.000000 1.000000 0.000000

# oST version 5.0 parameters


[image]

width
900

height
600

[narrow_stereo/right]

camera matrix
655.781575 0.000000 452.371020
0.000000 655.569496 306.659392
0.000000 0.000000 1.000000

distortion
-0.230124 0.103053 -0.000446 -0.001376 0.000000

rectification
0.999914 0.012610 0.003556
-0.012589 0.999903 -0.005953
-0.003631 0.005907 0.999976

projection
642.715797 0.000000 486.408535 -647.671716
0.000000 642.715797 316.962208 0.000000
0.000000 0.000000 1.000000 0.000000

